0 0.6347826086956522 0.8173913043478261 0.20326086956521738 0.2902173913043478
0 0.8858695652173914 0.8260869565217391 0.22065217391304348 0.3119565217391304
0 0.4032608695652174 0.8260869565217391 0.20326086956521738 0.26521739130434785
0 0.16304347826086957 0.8293478260869566 0.2 0.27391304347826084
0 0.866304347826087 0.1391304347826087 0.21304347826086956 0.2554347826086957
0 0.6010869565217392 0.15217391304347827 0.266304347826087 0.27608695652173915
0 0.3467391304347826 0.16956521739130434 0.2108695652173913 0.30217391304347824
0 0.11630434782608695 0.17717391304347826 0.22282608695652173 0.29239130434782606
0 0.8684782608695653 0.4532608695652174 0.23478260869565218 0.2782608695652174
0 0.6195652173913043 0.48586956521739133 0.19891304347826086 0.266304347826087
0 0.38804347826086955 0.5108695652173914 0.21630434782608696 0.2782608695652174
0 0.13478260869565217 0.5239130434782608 0.22608695652173913 0.3032608695652174