0 0.059782608695652176 0.6706521739130434 0.10760869565217392 0.15869565217391304
0 0.2217391304347826 0.6793478260869565 0.1858695652173913 0.15978260869565217
0 0.39891304347826084 0.6847826086956522 0.1532608695652174 0.15543478260869564
0 0.6021739130434782 0.7010869565217391 0.225 0.16630434782608697
0 0.6793478260869565 0.07391304347826087 0.12717391304347825 0.14673913043478262
0 0.8597826086956522 0.7271739130434782 0.2728260869565217 0.2076086956521739
0 0.25217391304347825 0.09021739130434783 0.16304347826086957 0.15543478260869564
0 0.483695652173913 0.09130434782608696 0.2391304347826087 0.17608695652173914
0 0.10326086956521739 0.8891304347826087 0.1826086956521739 0.1608695652173913
0 0.28369565217391307 0.9032608695652173 0.16304347826086957 0.1858695652173913
0 0.46195652173913043 0.9043478260869565 0.1673913043478261 0.18043478260869567
0 0.6478260869565218 0.9119565217391304 0.1858695652173913 0.16956521739130434
0 0.8652173913043478 0.9141304347826087 0.2184782608695652 0.16956521739130434
0 0.075 0.0967391304347826 0.12934782608695652 0.16521739130434782
0 0.9347826086956522 0.1967391304347826 0.12391304347826088 0.1423913043478261
0 0.7782608695652173 0.2608695652173913 0.1934782608695652 0.175
0 0.4434782608695652 0.28369565217391307 0.14673913043478262 0.175
0 0.6010869565217392 0.2847826086956522 0.14565217391304347 0.16630434782608697
0 0.29130434782608694 0.2967391304347826 0.13804347826086957 0.17391304347826086
0 0.034782608695652174 0.2967391304347826 0.06086956521739131 0.15434782608695652
0 0.14782608695652175 0.3010869565217391 0.14130434782608695 0.1532608695652174
0 0.875 0.44782608695652176 0.24347826086956523 0.175
0 0.24239130434782608 0.45543478260869563 0.1934782608695652 0.15978260869565217
0 0.7032608695652174 0.46847826086956523 0.1565217391304348 0.12934782608695652
0 0.5608695652173913 0.4706521739130435 0.10543478260869565 0.14456521739130435
0 0.09347826086956522 0.4717391304347826 0.18369565217391304 0.17608695652173914
0 0.42391304347826086 0.47282608695652173 0.15434782608695652 0.15869565217391304
0 0.8739130434782608 0.05434782608695652 0.17608695652173914 0.10760869565217392